0 -0.141421
0.00025 -0.152081
0.0005 -0.161803
0.00075 -0.170528
0.001 -0.178201
0.00125 -0.184776
0.0015 -0.190211
0.00175 -0.194474
0.002 -0.197538
0.00225 -0.199383
0.0025 -0.2
0.00275 -0.199383
0.003 -0.197538
0.00325 -0.194474
0.0035 -0.190211
0.00375 -0.184776
0.004 -0.178201
0.00425 -0.170528
0.0045 -0.161803
0.00475 -0.152081
0.005 -0.141421
0.00525 -0.12989
0.0055 -0.117557
0.00575 -0.1045
0.006 -0.0907981
0.00625 -0.0765367
0.0065 -0.0618034
0.00675 -0.0466891
0.007 -0.0312869
0.00725 -0.0156918
0.0075 3.55271e-16
0.00775 0.0156918
0.008 0.0312869
0.00825 0.0466891
0.0085 0.0618034
0.00875 0.0765367
0.009 0.0907981
0.00925 0.1045
0.0095 0.117557
0.00975 0.12989
0.01 0.141421
0.01025 0.152081
0.0105 0.161803
0.01075 0.170528
0.011 0.178201
0.01125 0.184776
0.0115 0.190211
0.01175 0.194474
0.012 0.197538
0.01225 0.199383
0.0125 0.2
0.01275 0.199383
0.013 0.197538
0.01325 0.194474
0.0135 0.190211
0.01375 0.184776
0.014 0.178201
0.01425 0.170528
0.0145 0.161803
0.01475 0.152081
0.015 0.141421
0.01525 0.12989
0.0155 0.117557
0.01575 0.1045
0.016 0.0907981
0.01625 0.0765367
0.0165 0.0618034
0.01675 0.0466891
0.017 0.0312869
0.01725 0.0156918
0.0175 -8.63685e-16
0.01775 -0.0156918
0.018 -0.0312869
0.01825 -0.0466891
0.0185 -0.0618034
0.01875 -0.0765367
0.019 -0.0907981
0.01925 -0.1045
0.0195 -0.117557
0.01975 -0.12989
0.02 -0.141421
0.02025 -0.152081
0.0205 -0.161803
0.02075 -0.170528
0.021 -0.178201
0.02125 -0.184776
0.0215 -0.190211
0.02175 -0.194474
0.022 -0.197538
0.02225 -0.199383
0.0225 -0.2
0.02275 -0.199383
0.023 -0.197538
0.02325 -0.194474
0.0235 -0.190211
0.02375 -0.184776
0.024 -0.178201
0.02425 -0.170528
0.0245 -0.161803
0.02475 -0.152081
0.025 -0.141421
0.02525 -0.12989
0.0255 -0.117557
0.02575 -0.1045
0.026 -0.0907981
0.02625 -0.0765367
0.0265 -0.0618034
0.02675 -0.0466891
0.027 -0.0312869
0.02725 -0.0156918
0.0275 1.19446e-15
0.02775 0.0156918
0.028 0.0312869
0.02825 0.0466891
0.0285 0.0618034
0.02875 0.0765367
0.029 0.0907981
0.02925 0.1045
0.0295 0.117557
0.02975 0.12989
0.03 0.141421
0.03025 0.152081
0.0305 0.161803
0.03075 0.170528
0.031 0.178201
0.03125 0.184776
0.0315 0.190211
0.03175 0.194474
0.032 0.197538
0.03225 0.199383
0.0325 0.2
0.03275 0.199383
0.033 0.197538
0.03325 0.194474
0.0335 0.190211
0.03375 0.184776
0.034 0.178201
0.03425 0.170528
0.0345 0.161803
0.03475 0.152081
0.035 0.141421
0.03525 0.12989
0.0355 0.117557
0.03575 0.1045
0.036 0.0907981
0.03625 0.0765367
0.0365 0.0618034
0.03675 0.0466891
0.037 0.0312869
0.03725 0.0156918
0.0375 -1.34761e-15
0.03775 -0.0156918
0.038 -0.0312869
0.03825 -0.0466891
0.0385 -0.0618034
0.03875 -0.0765367
0.039 -0.0907981
0.03925 -0.1045
0.0395 -0.117557
0.03975 -0.12989
0.04 -0.141421
0.04025 -0.152081
0.0405 -0.161803
0.04075 -0.170528
0.041 -0.178201
0.04125 -0.184776
0.0415 -0.190211
0.04175 -0.194474
0.042 -0.197538
0.04225 -0.199383
0.0425 -0.2
0.04275 -0.199383
0.043 -0.197538
0.04325 -0.194474
0.0435 -0.190211
0.04375 -0.184776
0.044 -0.178201
0.04425 -0.170528
0.0445 -0.161803
0.04475 -0.152081
0.045 -0.141421
0.04525 -0.12989
0.0455 -0.117557
0.04575 -0.1045
0.046 -0.0907981
0.04625 -0.0765367
0.0465 -0.0618034
0.04675 -0.0466891
0.047 -0.0312869
0.04725 -0.0156918
0.0475 2.03366e-15
0.04775 0.0156918
0.048 0.0312869
0.04825 0.0466891
0.0485 0.0618034
0.04875 0.0765367
0.049 0.0907981
0.04925 0.1045
0.0495 0.117557
0.04975 0.12989
0.05 0.141421
0.05025 0.152081
0.0505 0.161803
0.05075 0.170528
0.051 0.178201
0.05125 0.184776
0.0515 0.190211
0.05175 0.194474
0.052 0.197538
0.05225 0.199383
0.0525 0.2
0.05275 0.199383
0.053 0.197538
0.05325 0.194474
0.0535 0.190211
0.05375 0.184776
0.054 0.178201
0.05425 0.170528
0.0545 0.161803
0.05475 0.152081
0.055 0.141421
0.05525 0.12989
0.0555 0.117557
0.05575 0.1045
0.056 0.0907981
0.05625 0.0765367
0.0565 0.0618034
0.05675 0.0466891
0.057 0.0312869
0.05725 0.0156918
0.0575 -2.71971e-15
0.05775 -0.0156918
0.058 -0.0312869
0.05825 -0.0466891
0.0585 -0.0618034
0.05875 -0.0765367
0.059 -0.0907981
0.05925 -0.1045
0.0595 -0.117557
0.05975 -0.12989
0.06 0.347296
0.06025 0.191692
0.0605 0.0349048
0.06075 -0.122097
0.061 -0.278346
0.06125 -0.432879
0.0615 -0.584743
0.06175 -0.733002
0.062 -0.876742
0.06225 -1.01508
0.0625 -1.14715
0.06275 -1.27216
0.063 -1.38932
0.06325 -1.49791
0.0635 -1.59727
0.06375 -1.68678
0.064 -1.7659
0.06425 -1.83412
0.0645 -1.89104
0.06475 -1.9363
0.065 -1.96962
0.06525 -1.99079
0.0655 -1.9997
0.06575 -1.99627
0.066 -1.98054
0.06625 -1.95259
0.0665 -1.91261
0.06675 -1.86084
0.067 -1.79759
0.06725 -1.72326
0.0675 -1.6383
0.06775 -1.54325
0.068 -1.43868
0.06825 -1.32524
0.0685 -1.20363
0.06875 -1.0746
0.069 -0.938943
0.06925 -0.797498
0.0695 -0.651136
0.06975 -0.50076
0.07 -0.347296
0.07025 -0.191692
0.0705 -0.0349048
0.07075 0.122097
0.071 0.278346
0.07125 0.432879
0.0715 0.584743
0.07175 0.733002
0.072 0.876742
0.07225 1.01508
0.0725 1.14715
0.07275 1.27216
0.073 1.38932
0.07325 1.49791
0.0735 1.59727
0.07375 1.68678
0.074 1.7659
0.07425 1.83412
0.0745 1.89104
0.07475 1.9363
0.075 1.96962
0.07525 1.99079
0.0755 1.9997
0.07575 1.99627
0.076 1.98054
0.07625 1.95259
0.0765 1.91261
0.07675 1.86084
0.077 1.79759
0.07725 1.72326
0.0775 1.6383
0.07775 1.54325
0.078 1.43868
0.07825 1.32524
0.0785 1.20363
0.07875 1.0746
0.079 0.938943
0.07925 0.797498
0.0795 0.651136
0.07975 0.50076
0.08 0.347296
0.08025 0.191692
0.0805 0.0349048
0.08075 -0.122097
0.081 -0.278346
0.08125 -0.432879
0.0815 -0.584743
0.08175 -0.733002
0.082 -0.876742
0.08225 -1.01508
0.0825 -1.14715
0.08275 -1.27216
0.083 -1.38932
0.08325 -1.49791
0.0835 -1.59727
0.08375 -1.68678
0.084 -1.7659
0.08425 -1.83412
0.0845 -1.89104
0.08475 -1.9363
0.085 -1.96962
0.08525 -1.99079
0.0855 -1.9997
0.08575 -1.99627
0.086 -1.98054
0.08625 -1.95259
0.0865 -1.91261
0.08675 -1.86084
0.087 -1.79759
0.08725 -1.72326
0.0875 -1.6383
0.08775 -1.54325
0.088 -1.43868
0.08825 -1.32524
0.0885 -1.20363
0.08875 -1.0746
0.089 -0.938943
0.08925 -0.797498
0.0895 -0.651136
0.08975 -0.50076
0.09 -0.347296
0.09025 -0.191692
0.0905 -0.0349048
0.09075 0.122097
0.091 0.278346
0.09125 0.432879
0.0915 0.584743
0.09175 0.733002
0.092 0.876742
0.09225 1.01508
0.0925 1.14715
0.09275 1.27216
0.093 1.38932
0.09325 1.49791
0.0935 1.59727
0.09375 1.68678
0.094 1.7659
0.09425 1.83412
0.0945 1.89104
0.09475 1.9363
0.095 1.96962
0.09525 1.99079
0.0955 1.9997
0.09575 1.99627
0.096 1.98054
0.09625 1.95259
0.0965 1.91261
0.09675 1.86084
0.097 1.79759
0.09725 1.72326
0.0975 1.6383
0.09775 1.54325
0.098 1.43868
0.09825 1.32524
0.0985 1.20363
0.09875 1.0746
0.099 0.938943
0.09925 0.797498
0.0995 0.651136
0.09975 0.50076
0.1 0.347296
0.10025 0.191692
0.1005 0.0349048
0.10075 -0.122097
0.101 -0.278346
0.10125 -0.432879
0.1015 -0.584743
0.10175 -0.733002
0.102 -0.876742
0.10225 -1.01508
0.1025 -1.14715
0.10275 -1.27216
0.103 -1.38932
0.10325 -1.49791
0.1035 -1.59727
0.10375 -1.68678
0.104 -1.7659
0.10425 -1.83412
0.1045 -1.89104
0.10475 -1.9363
0.105 -1.96962
0.10525 -1.99079
0.1055 -1.9997
0.10575 -1.99627
0.106 -1.98054
0.10625 -1.95259
0.1065 -1.91261
0.10675 -1.86084
0.107 -1.79759
0.10725 -1.72326
0.1075 -1.6383
0.10775 -1.54325
0.108 -1.43868
0.10825 -1.32524
0.1085 -1.20363
0.10875 -1.0746
0.109 -0.938943
0.10925 -0.797498
0.1095 -0.651136
0.10975 -0.50076
0.11 -0.347296
0.11025 -0.191692
0.1105 -0.0349048
0.11075 0.122097
0.111 0.278346
0.11125 0.432879
0.1115 0.584743
0.11175 0.733002
0.112 0.876742
0.11225 1.01508
0.1125 1.14715
0.11275 1.27216
0.113 1.38932
0.11325 1.49791
0.1135 1.59727
0.11375 1.68678
0.114 1.7659
0.11425 1.83412
0.1145 1.89104
0.11475 1.9363
0.115 1.96962
0.11525 1.99079
0.1155 1.9997
0.11575 1.99627
0.116 1.98054
0.11625 1.95259
0.1165 1.91261
0.11675 1.86084
0.117 1.79759
0.11725 1.72326
0.1175 1.6383
0.11775 1.54325
0.118 1.43868
0.11825 1.32524
0.1185 1.20363
0.11875 1.0746
0.119 0.938943
0.11925 0.797498
0.1195 0.651136
0.11975 0.50076
