0 -0.0517638
0.00025 -0.0364471
0.0005 -0.0209057
0.00075 -0.00523539
0.001 0.0104672
0.00125 0.0261052
0.0015 0.0415823
0.00175 0.0568031
0.002 0.0716736
0.00225 0.0861022
0.0025 0.1
0.00275 0.113281
0.003 0.125864
0.00325 0.137671
0.0035 0.148629
0.00375 0.158671
0.004 0.167734
0.00425 0.175763
0.0045 0.182709
0.00475 0.188528
0.005 0.193185
0.00525 0.196651
0.0055 0.198904
0.00575 0.199931
0.006 0.199726
0.00625 0.198289
0.0065 0.19563
0.00675 0.191764
0.007 0.186716
0.00725 0.180517
0.0075 0.173205
0.00775 0.164825
0.008 0.155429
0.00825 0.145075
0.0085 0.133826
0.00875 0.121752
0.009 0.108928
0.00925 0.0954318
0.0095 0.0813473
0.00975 0.0667614
0.01 0.0517638
0.01025 0.0364471
0.0105 0.0209057
0.01075 0.00523539
0.011 -0.0104672
0.01125 -0.0261052
0.0115 -0.0415823
0.01175 -0.0568031
0.012 -0.0716736
0.01225 -0.0861022
0.0125 -0.1
0.01275 -0.113281
0.013 -0.125864
0.01325 -0.137671
0.0135 -0.148629
0.01375 -0.158671
0.014 -0.167734
0.01425 -0.175763
0.0145 -0.182709
0.01475 -0.188528
0.015 -0.193185
0.01525 -0.196651
0.0155 -0.198904
0.01575 -0.199931
0.016 -0.199726
0.01625 -0.198289
0.0165 -0.19563
0.01675 -0.191764
0.017 -0.186716
0.01725 -0.180517
0.0175 -0.173205
0.01775 -0.164825
0.018 -0.155429
0.01825 -0.145075
0.0185 -0.133826
0.01875 -0.121752
0.019 -0.108928
0.01925 -0.0954318
0.0195 -0.0813473
0.01975 -0.0667614
0.02 -0.0517638
0.02025 -0.0364471
0.0205 -0.0209057
0.02075 -0.00523539
0.021 0.0104672
0.02125 0.0261052
0.0215 0.0415823
0.02175 0.0568031
0.022 0.0716736
0.02225 0.0861022
0.0225 0.1
0.02275 0.113281
0.023 0.125864
0.02325 0.137671
0.0235 0.148629
0.02375 0.158671
0.024 0.167734
0.02425 0.175763
0.0245 0.182709
0.02475 0.188528
0.025 0.193185
0.02525 0.196651
0.0255 0.198904
0.02575 0.199931
0.026 0.199726
0.02625 0.198289
0.0265 0.19563
0.02675 0.191764
0.027 0.186716
0.02725 0.180517
0.0275 0.173205
0.02775 0.164825
0.028 0.155429
0.02825 0.145075
0.0285 0.133826
0.02875 0.121752
0.029 0.108928
0.02925 0.0954318
0.0295 0.0813473
0.02975 0.0667614
0.03 0.0517638
0.03025 0.0364471
0.0305 0.0209057
0.03075 0.00523539
0.031 -0.0104672
0.03125 -0.0261052
0.0315 -0.0415823
0.03175 -0.0568031
0.032 -0.0716736
0.03225 -0.0861022
0.0325 -0.1
0.03275 -0.113281
0.033 -0.125864
0.03325 -0.137671
0.0335 -0.148629
0.03375 -0.158671
0.034 -0.167734
0.03425 -0.175763
0.0345 -0.182709
0.03475 -0.188528
0.035 -0.193185
0.03525 -0.196651
0.0355 -0.198904
0.03575 -0.199931
0.036 -0.199726
0.03625 -0.198289
0.0365 -0.19563
0.03675 -0.191764
0.037 -0.186716
0.03725 -0.180517
0.0375 -0.173205
0.03775 -0.164825
0.038 -0.155429
0.03825 -0.145075
0.0385 -0.133826
0.03875 -0.121752
0.039 -0.108928
0.03925 -0.0954318
0.0395 -0.0813473
0.03975 -0.0667614
0.04 -0.0517638
0.04025 -0.0364471
0.0405 -0.0209057
0.04075 -0.00523539
0.041 0.0104672
0.04125 0.0261052
0.0415 0.0415823
0.04175 0.0568031
0.042 0.0716736
0.04225 0.0861022
0.0425 0.1
0.04275 0.113281
0.043 0.125864
0.04325 0.137671
0.0435 0.148629
0.04375 0.158671
0.044 0.167734
0.04425 0.175763
0.0445 0.182709
0.04475 0.188528
0.045 0.193185
0.04525 0.196651
0.0455 0.198904
0.04575 0.199931
0.046 0.199726
0.04625 0.198289
0.0465 0.19563
0.04675 0.191764
0.047 0.186716
0.04725 0.180517
0.0475 0.173205
0.04775 0.164825
0.048 0.155429
0.04825 0.145075
0.0485 0.133826
0.04875 0.121752
0.049 0.108928
0.04925 0.0954318
0.0495 0.0813473
0.04975 0.0667614
0.05 0.0517638
0.05025 0.0364471
0.0505 0.0209057
0.05075 0.00523539
0.051 -0.0104672
0.05125 -0.0261052
0.0515 -0.0415823
0.05175 -0.0568031
0.052 -0.0716736
0.05225 -0.0861022
0.0525 -0.1
0.05275 -0.113281
0.053 -0.125864
0.05325 -0.137671
0.0535 -0.148629
0.05375 -0.158671
0.054 -0.167734
0.05425 -0.175763
0.0545 -0.182709
0.05475 -0.188528
0.055 -0.193185
0.05525 -0.196651
0.0555 -0.198904
0.05575 -0.199931
0.056 -0.199726
0.05625 -0.198289
0.0565 -0.19563
0.05675 -0.191764
0.057 -0.186716
0.05725 -0.180517
0.0575 -0.173205
0.05775 -0.164825
0.058 -0.155429
0.05825 -0.145075
0.0585 -0.133826
0.05875 -0.121752
0.059 -0.108928
0.05925 -0.0954318
0.0595 -0.0813473
0.05975 -0.0667614
0.06 -1.87939
0.06025 -1.81992
0.0605 -1.74924
0.06075 -1.66777
0.061 -1.57602
0.06125 -1.47455
0.0615 -1.364
0.06175 -1.24503
0.062 -1.11839
0.06225 -0.984847
0.0625 -0.845237
0.06275 -0.700415
0.063 -0.551275
0.06325 -0.398736
0.0635 -0.243739
0.06375 -0.0872388
0.064 0.069799
0.06425 0.226406
0.0645 0.381618
0.06475 0.534477
0.065 0.68404
0.06525 0.829386
0.0655 0.969619
0.06575 1.10387
0.066 1.23132
0.06625 1.35118
0.0665 1.46271
0.06675 1.56522
0.067 1.65808
0.06725 1.74071
0.0675 1.81262
0.06775 1.87334
0.068 1.92252
0.06825 1.95985
0.0685 1.98509
0.06875 1.9981
0.069 1.99878
0.06925 1.98714
0.0695 1.96325
0.06975 1.92726
0.07 1.87939
0.07025 1.81992
0.0705 1.74924
0.07075 1.66777
0.071 1.57602
0.07125 1.47455
0.0715 1.364
0.07175 1.24503
0.072 1.11839
0.07225 0.984847
0.0725 0.845237
0.07275 0.700415
0.073 0.551275
0.07325 0.398736
0.0735 0.243739
0.07375 0.0872388
0.074 -0.069799
0.07425 -0.226406
0.0745 -0.381618
0.07475 -0.534477
0.075 -0.68404
0.07525 -0.829386
0.0755 -0.969619
0.07575 -1.10387
0.076 -1.23132
0.07625 -1.35118
0.0765 -1.46271
0.07675 -1.56522
0.077 -1.65808
0.07725 -1.74071
0.0775 -1.81262
0.07775 -1.87334
0.078 -1.92252
0.07825 -1.95985
0.0785 -1.98509
0.07875 -1.9981
0.079 -1.99878
0.07925 -1.98714
0.0795 -1.96325
0.07975 -1.92726
0.08 -1.87939
0.08025 -1.81992
0.0805 -1.74924
0.08075 -1.66777
0.081 -1.57602
0.08125 -1.47455
0.0815 -1.364
0.08175 -1.24503
0.082 -1.11839
0.08225 -0.984847
0.0825 -0.845237
0.08275 -0.700415
0.083 -0.551275
0.08325 -0.398736
0.0835 -0.243739
0.08375 -0.0872388
0.084 0.069799
0.08425 0.226406
0.0845 0.381618
0.08475 0.534477
0.085 0.68404
0.08525 0.829386
0.0855 0.969619
0.08575 1.10387
0.086 1.23132
0.08625 1.35118
0.0865 1.46271
0.08675 1.56522
0.087 1.65808
0.08725 1.74071
0.0875 1.81262
0.08775 1.87334
0.088 1.92252
0.08825 1.95985
0.0885 1.98509
0.08875 1.9981
0.089 1.99878
0.08925 1.98714
0.0895 1.96325
0.08975 1.92726
0.09 1.87939
0.09025 1.81992
0.0905 1.74924
0.09075 1.66777
0.091 1.57602
0.09125 1.47455
0.0915 1.364
0.09175 1.24503
0.092 1.11839
0.09225 0.984847
0.0925 0.845237
0.09275 0.700415
0.093 0.551275
0.09325 0.398736
0.0935 0.243739
0.09375 0.0872388
0.094 -0.069799
0.09425 -0.226406
0.0945 -0.381618
0.09475 -0.534477
0.095 -0.68404
0.09525 -0.829386
0.0955 -0.969619
0.09575 -1.10387
0.096 -1.23132
0.09625 -1.35118
0.0965 -1.46271
0.09675 -1.56522
0.097 -1.65808
0.09725 -1.74071
0.0975 -1.81262
0.09775 -1.87334
0.098 -1.92252
0.09825 -1.95985
0.0985 -1.98509
0.09875 -1.9981
0.099 -1.99878
0.09925 -1.98714
0.0995 -1.96325
0.09975 -1.92726
0.1 -1.87939
0.10025 -1.81992
0.1005 -1.74924
0.10075 -1.66777
0.101 -1.57602
0.10125 -1.47455
0.1015 -1.364
0.10175 -1.24503
0.102 -1.11839
0.10225 -0.984847
0.1025 -0.845237
0.10275 -0.700415
0.103 -0.551275
0.10325 -0.398736
0.1035 -0.243739
0.10375 -0.0872388
0.104 0.069799
0.10425 0.226406
0.1045 0.381618
0.10475 0.534477
0.105 0.68404
0.10525 0.829386
0.1055 0.969619
0.10575 1.10387
0.106 1.23132
0.10625 1.35118
0.1065 1.46271
0.10675 1.56522
0.107 1.65808
0.10725 1.74071
0.1075 1.81262
0.10775 1.87334
0.108 1.92252
0.10825 1.95985
0.1085 1.98509
0.10875 1.9981
0.109 1.99878
0.10925 1.98714
0.1095 1.96325
0.10975 1.92726
0.11 1.87939
0.11025 1.81992
0.1105 1.74924
0.11075 1.66777
0.111 1.57602
0.11125 1.47455
0.1115 1.364
0.11175 1.24503
0.112 1.11839
0.11225 0.984847
0.1125 0.845237
0.11275 0.700415
0.113 0.551275
0.11325 0.398736
0.1135 0.243739
0.11375 0.0872388
0.114 -0.069799
0.11425 -0.226406
0.1145 -0.381618
0.11475 -0.534477
0.115 -0.68404
0.11525 -0.829386
0.1155 -0.969619
0.11575 -1.10387
0.116 -1.23132
0.11625 -1.35118
0.1165 -1.46271
0.11675 -1.56522
0.117 -1.65808
0.11725 -1.74071
0.1175 -1.81262
0.11775 -1.87334
0.118 -1.92252
0.11825 -1.95985
0.1185 -1.98509
0.11875 -1.9981
0.119 -1.99878
0.11925 -1.98714
0.1195 -1.96325
0.11975 -1.92726
